(4973.0, 1838.0): [(4897.0, 1837.0), (5112.0, 1842.0), (4972.0, 1748.0)]
(4897.0, 1837.0): [(4973.0, 1838.0), (4899.0, 1695.0), (4764.0, 1837.0)]
(4899.0, 1695.0): [(4897.0, 1837.0), (4893.0, 1597.0)]
(4893.0, 1597.0): [(4899.0, 1695.0), (4563.0, 1594.0)]
(4563.0, 1594.0): [(4893.0, 1597.0), (4234.0, 1594.0)]
(4234.0, 1594.0): [(4563.0, 1594.0), (4067.0, 1592.0), (4243.0, 1843.0)]
(4067.0, 1592.0): [(4234.0, 1594.0), (3888.0, 1593.0)]
(3888.0, 1593.0): [(4067.0, 1592.0), (3745.0, 1608.0)]
(3745.0, 1608.0): [(3888.0, 1593.0), (3529.0, 1645.0)]
(4069.0, 1770.0): [(4188.0, 1848.0), (3903.0, 1775.0), (4069.0, 1714.0)]
(4188.0, 1848.0): [(4069.0, 1770.0), (4243.0, 1843.0), (4240.0, 1897.0), (4158.0, 1880.0)]
(4136.0, 1905.0): [(4014.0, 1857.0), (4204.0, 1972.0), (4158.0, 1880.0)]
(3903.0, 1775.0): [(4069.0, 1770.0), (3897.0, 1713.0), (3900.0, 1985.0)]
(3897.0, 1713.0): [(3903.0, 1775.0), (3820.0, 1714.0)]
(4243.0, 1843.0): [(4188.0, 1848.0), (4240.0, 1897.0), (4404.0, 1837.0), (4234.0, 1594.0)]
(4240.0, 1897.0): [(4243.0, 1843.0), (4188.0, 1848.0), (4339.0, 1988.0)]
(4339.0, 1988.0): [(4240.0, 1897.0), (4389.0, 2018.0), (4420.0, 1900.0), (4286.0, 2048.0)]
(4389.0, 2018.0): [(4339.0, 1988.0), (4420.0, 1900.0), (4526.0, 1990.0), (4382.0, 2089.0)]
(4420.0, 1900.0): [(4389.0, 2018.0), (4339.0, 1988.0), (4474.0, 1840.0), (4526.0, 1990.0)]
(4474.0, 1840.0): [(4420.0, 1900.0), (4569.0, 1838.0), (4404.0, 1837.0), (4526.0, 1990.0)]
(4286.0, 2048.0): [(4339.0, 1988.0), (4196.0, 2151.0), (4382.0, 2089.0)]
(4196.0, 2151.0): [(4286.0, 2048.0), (4177.0, 2171.0), (4260.0, 2264.0), (4102.0, 2064.0)]
(4177.0, 2171.0): [(4196.0, 2151.0), (4127.0, 2228.0)]
(4127.0, 2228.0): [(4177.0, 2171.0), (4100.0, 2297.0), (4171.0, 2403.0)]
(4100.0, 2297.0): [(4127.0, 2228.0), (4083.0, 2438.0)]
(4260.0, 2264.0): [(4196.0, 2151.0), (4296.0, 2247.0), (4292.0, 2342.0)]
(4296.0, 2247.0): [(4260.0, 2264.0), (4345.0, 2200.0)]
(4345.0, 2200.0): [(4296.0, 2247.0), (4398.0, 2174.0)]
(4398.0, 2174.0): [(4345.0, 2200.0), (4463.0, 2165.0), (4382.0, 2089.0)]
(4463.0, 2165.0): [(4398.0, 2174.0), (4607.0, 2167.0), (4476.0, 2222.0), (4526.0, 1990.0), (4382.0, 2089.0)]
(4607.0, 2167.0): [(4463.0, 2165.0), (4642.0, 2163.0), (4606.0, 2328.0), (4526.0, 1990.0)]
(4642.0, 2163.0): [(4607.0, 2167.0), (4894.0, 2166.0), (4526.0, 1990.0)]
(4606.0, 2328.0): [(4607.0, 2167.0), (4609.0, 2457.0), (4471.0, 2327.0)]
(4609.0, 2457.0): [(4606.0, 2328.0), (4470.0, 2455.0), (4611.0, 2631.0), (4813.0, 2456.0)]
(4470.0, 2455.0): [(4609.0, 2457.0), (4309.0, 2455.0), (4471.0, 2327.0), (4473.0, 2626.0)]
(4309.0, 2455.0): [(4470.0, 2455.0), (4292.0, 2342.0), (4311.0, 2506.0), (4175.0, 2439.0)]
(4292.0, 2342.0): [(4309.0, 2455.0), (4260.0, 2264.0), (4471.0, 2327.0), (4171.0, 2403.0)]
(4894.0, 2166.0): [(4642.0, 2163.0), (5094.0, 2169.0), (4896.0, 2118.0)]
(5094.0, 2169.0): [(4894.0, 2166.0), (5080.0, 2460.0), (5112.0, 1842.0)]
(5080.0, 2460.0): [(5094.0, 2169.0), (5060.0, 2789.0), (4813.0, 2456.0)]
(5121.0, 1700.0): [(5112.0, 1842.0)]
(5112.0, 1842.0): [(5121.0, 1700.0), (5094.0, 2169.0), (4973.0, 1838.0)]
(4764.0, 1837.0): [(4897.0, 1837.0), (4637.0, 1841.0), (4765.0, 1924.0), (4762.0, 1753.0)]
(4637.0, 1841.0): [(4764.0, 1837.0), (4569.0, 1838.0)]
(4569.0, 1838.0): [(4637.0, 1841.0), (4474.0, 1840.0), (4571.0, 1755.0)]
(4404.0, 1837.0): [(4474.0, 1840.0), (4243.0, 1843.0), (4401.0, 1752.0)]
(4765.0, 1924.0): [(4764.0, 1837.0), (4785.0, 1993.0), (4875.0, 1925.0)]
(4785.0, 1993.0): [(4765.0, 1924.0), (4701.0, 1999.0), (4868.0, 1998.0)]
(4875.0, 1925.0): [(4765.0, 1924.0), (4953.0, 1928.0), (4867.0, 1890.0)]
(4953.0, 1928.0): [(4875.0, 1925.0), (5016.0, 1960.0), (5013.0, 1891.0)]
(5060.0, 2789.0): [(5080.0, 2460.0), (4849.0, 2796.0), (5044.0, 2957.0)]
(4686.0, 2789.0): [(4609.0, 2792.0), (4683.0, 2978.0), (4849.0, 2796.0)]
(4539.0, 2790.0): [(4609.0, 2792.0), (4477.0, 2793.0), (4542.0, 3059.0)]
(4611.0, 2631.0): [(4609.0, 2457.0), (4609.0, 2792.0), (4473.0, 2626.0)]
(4609.0, 2792.0): [(4611.0, 2631.0), (4686.0, 2789.0), (4539.0, 2790.0)]
(4477.0, 2793.0): [(4539.0, 2790.0), (4267.0, 2793.0), (4429.0, 2947.0), (4473.0, 2626.0)]
(4310.0, 2571.0): [(4311.0, 2506.0), (4267.0, 2793.0), (4152.0, 2564.0), (4473.0, 2626.0), (4175.0, 2439.0)]
(4311.0, 2506.0): [(4309.0, 2455.0), (4310.0, 2571.0)]
(4267.0, 2793.0): [(4477.0, 2793.0), (4310.0, 2571.0), (4284.0, 2991.0), (4215.0, 2850.0)]
(4083.0, 2438.0): [(4175.0, 2439.0), (4100.0, 2297.0), (3919.0, 2442.0), (4137.0, 2529.0)]
(4175.0, 2439.0): [(4083.0, 2438.0), (4309.0, 2455.0), (4171.0, 2403.0), (4152.0, 2564.0), (4137.0, 2529.0), (4310.0, 2571.0)]
(3919.0, 2442.0): [(4083.0, 2438.0), (3763.0, 2440.0)]
(3763.0, 2440.0): [(3919.0, 2442.0), (3638.0, 2455.0)]
(4137.0, 2529.0): [(4083.0, 2438.0), (4152.0, 2564.0), (4175.0, 2439.0)]
(4152.0, 2564.0): [(4137.0, 2529.0), (4310.0, 2571.0), (3949.0, 2574.0), (4152.0, 2564.0), (4175.0, 2439.0)]
(3949.0, 2574.0): [(4152.0, 2564.0), (3949.0, 2843.0)]
(3949.0, 2843.0): [(3949.0, 2574.0), (4080.0, 2842.0), (3946.0, 2964.0)]
(4080.0, 2842.0): [(3949.0, 2843.0), (4215.0, 2850.0), (4085.0, 2988.0)]
(4215.0, 2850.0): [(4080.0, 2842.0), (4214.0, 2992.0), (4267.0, 2793.0)]
(4214.0, 2992.0): [(4215.0, 2850.0), (4216.0, 3140.0), (4284.0, 2991.0), (4085.0, 2988.0)]
(4084.0, 3143.0): [(4216.0, 3140.0), (4089.0, 3191.0), (3947.0, 3148.0), (4085.0, 2988.0)]
(4216.0, 3140.0): [(4084.0, 3143.0), (4214.0, 2992.0)]
(4284.0, 2991.0): [(4214.0, 2992.0), (4300.0, 3053.0), (4267.0, 2793.0), (4429.0, 2947.0)]
(4300.0, 3053.0): [(4284.0, 2991.0), (4354.0, 3191.0), (4542.0, 3059.0)]
(4354.0, 3191.0): [(4300.0, 3053.0), (4089.0, 3191.0), (4546.0, 3190.0), (4373.0, 3381.0)]
(4089.0, 3191.0): [(4354.0, 3191.0), (4084.0, 3143.0), (3948.0, 3190.0), (4098.0, 3371.0)]
(3947.0, 3148.0): [(4084.0, 3143.0), (3946.0, 2964.0), (3792.0, 3147.0), (3948.0, 3190.0)]
(3946.0, 2964.0): [(3947.0, 3148.0), (3949.0, 2843.0), (3887.0, 2978.0), (4085.0, 2988.0)]
(3887.0, 2978.0): [(3946.0, 2964.0), (3846.0, 3009.0)]
(3846.0, 3009.0): [(3887.0, 2978.0), (3804.0, 3047.0)]
(3804.0, 3047.0): [(3846.0, 3009.0), (3767.0, 3081.0)]
(3767.0, 3081.0): [(3804.0, 3047.0), (3792.0, 3147.0)]
(3792.0, 3147.0): [(3767.0, 3081.0), (3947.0, 3148.0), (3632.0, 3136.0), (3841.0, 3194.0)]
(3948.0, 3190.0): [(3947.0, 3148.0), (4089.0, 3191.0), (3841.0, 3194.0)]
(3841.0, 3194.0): [(3948.0, 3190.0), (3828.0, 3367.0), (3684.0, 3185.0), (3792.0, 3147.0)]
(4542.0, 3059.0): [(4300.0, 3053.0), (4683.0, 3068.0), (4429.0, 2947.0), (4542.0, 3109.0), (4539.0, 2790.0)]
(4683.0, 3068.0): [(4542.0, 3059.0), (4684.0, 3124.0), (4685.0, 3016.0)]
(4683.0, 2978.0): [(4686.0, 2789.0), (4685.0, 3016.0)]
(4685.0, 3192.0): [(4546.0, 3190.0), (4687.0, 3259.0), (4684.0, 3124.0)]
(4546.0, 3190.0): [(4685.0, 3192.0), (4354.0, 3191.0), (4542.0, 3109.0), (4544.0, 3372.0)]
(4687.0, 3259.0): [(4685.0, 3192.0), (4852.0, 3261.0), (4687.0, 3397.0)]
(4852.0, 3261.0): [(4687.0, 3259.0), (5027.0, 3264.0), (4852.0, 3311.0), (4856.0, 3198.0)]
(5027.0, 3264.0): [(4852.0, 3261.0), (5036.0, 3126.0), (5023.0, 3402.0)]
(4684.0, 3124.0): [(4685.0, 3192.0), (4683.0, 3068.0), (4850.0, 3125.0)]
(4850.0, 3125.0): [(4684.0, 3124.0), (5036.0, 3126.0), (4856.0, 3198.0), (4855.0, 3051.0)]
(5036.0, 3126.0): [(4850.0, 3125.0), (5027.0, 3264.0), (5044.0, 2957.0)]
(4685.0, 3016.0): [(4683.0, 3068.0), (4683.0, 2978.0), (4775.0, 3015.0)]
(4775.0, 3015.0): [(4685.0, 3016.0), (4868.0, 2955.0)]
(4868.0, 2955.0): [(4775.0, 3015.0), (5044.0, 2957.0), (4855.0, 3051.0), (4842.0, 2897.0)]
(5044.0, 2957.0): [(4868.0, 2955.0), (5060.0, 2789.0), (5036.0, 3126.0)]
(4849.0, 2796.0): [(4686.0, 2789.0), (5060.0, 2789.0), (4842.0, 2897.0)]
(4687.0, 3397.0): [(4687.0, 3259.0), (4684.0, 3552.0), (4857.0, 3418.0), (4544.0, 3372.0)]
(4684.0, 3552.0): [(4687.0, 3397.0), (4852.0, 3550.0), (4580.0, 3566.0)]
(4852.0, 3550.0): [(4684.0, 3552.0), (5009.0, 3551.0), (4844.0, 3669.0), (4856.0, 3482.0)]
(5009.0, 3551.0): [(4852.0, 3550.0), (5023.0, 3402.0)]
(5023.0, 3402.0): [(5009.0, 3551.0), (5027.0, 3264.0), (4857.0, 3418.0)]
(4582.0, 3671.0): [(4580.0, 3566.0), (4844.0, 3669.0)]
(4580.0, 3566.0): [(4582.0, 3671.0), (4684.0, 3552.0), (4322.0, 3560.0), (4544.0, 3372.0)]
(4373.0, 3381.0): [(4322.0, 3560.0), (4354.0, 3191.0), (4544.0, 3372.0), (4098.0, 3371.0)]
(4322.0, 3560.0): [(4580.0, 3566.0), (4373.0, 3381.0), (4123.0, 3571.0)]
(4123.0, 3571.0): [(4322.0, 3560.0), (3819.0, 3616.0), (4098.0, 3371.0)]
(3819.0, 3616.0): [(4123.0, 3571.0), (3803.0, 3575.0), (3751.0, 3631.0)]
(3803.0, 3575.0): [(3819.0, 3616.0), (3818.0, 3414.0), (3753.0, 3576.0)]
(3818.0, 3414.0): [(3803.0, 3575.0), (3828.0, 3367.0), (3666.0, 3367.0)]
(3828.0, 3367.0): [(3818.0, 3414.0), (3841.0, 3194.0), (4098.0, 3371.0)]
(3684.0, 3185.0): [(3841.0, 3194.0), (3629.0, 3176.0), (3666.0, 3367.0)]
(3629.0, 3176.0): [(3684.0, 3185.0), (3435.0, 3154.0), (3632.0, 3136.0)]
(3435.0, 3154.0): [(3629.0, 3176.0), (3414.0, 3150.0), (3425.0, 3339.0)]
(3753.0, 3576.0): [(3803.0, 3575.0), (3751.0, 3631.0), (3648.0, 3556.0)]
(3751.0, 3631.0): [(3753.0, 3576.0), (3819.0, 3616.0), (3648.0, 3669.0)]
(3648.0, 3669.0): [(3751.0, 3631.0), (3546.0, 3716.0)]
(3546.0, 3716.0): [(3648.0, 3669.0), (3306.0, 3808.0)]
(3648.0, 3556.0): [(3753.0, 3576.0), (3400.0, 3538.0), (3666.0, 3367.0)]
(3400.0, 3538.0): [(3648.0, 3556.0), (3274.0, 3543.0), (3425.0, 3339.0)]
(3274.0, 3543.0): [(3400.0, 3538.0), (3281.0, 3701.0), (3294.0, 3331.0), (3120.0, 3562.0), (3149.0, 3720.0), (3219.0, 3331.0)]
(3281.0, 3701.0): [(3274.0, 3543.0), (3306.0, 3808.0), (3149.0, 3720.0)]
(3294.0, 3331.0): [(3274.0, 3543.0), (3308.0, 3150.0), (3219.0, 3331.0), (3425.0, 3339.0)]
(3308.0, 3150.0): [(3294.0, 3331.0), (3190.0, 3149.0), (3414.0, 3150.0), (3309.0, 3111.0)]
(3306.0, 3808.0): [(3546.0, 3716.0), (3281.0, 3701.0), (3167.0, 3833.0), (3149.0, 3720.0)]
(3149.0, 3720.0): [(3281.0, 3701.0), (3167.0, 3833.0), (3120.0, 3562.0), (3011.0, 3728.0), (3018.0, 3852.0), (3306.0, 3808.0), (3274.0, 3543.0), (2984.0, 3586.0)]
(3167.0, 3833.0): [(3306.0, 3808.0), (3149.0, 3720.0), (3018.0, 3852.0)]
(3120.0, 3562.0): [(3149.0, 3720.0), (3274.0, 3543.0), (2984.0, 3586.0), (3098.0, 3341.0)]
(2984.0, 3586.0): [(3120.0, 3562.0), (3011.0, 3728.0), (3149.0, 3720.0), (2842.0, 3622.0), (2901.0, 3399.0), (2967.0, 3376.0)]
(3011.0, 3728.0): [(2984.0, 3586.0), (3018.0, 3852.0), (3149.0, 3720.0)]
(3018.0, 3852.0): [(3011.0, 3728.0), (3167.0, 3833.0), (3149.0, 3720.0), (2688.0, 3823.0)]
(2842.0, 3622.0): [(2984.0, 3586.0), (2617.0, 3702.0), (2772.0, 3430.0)]
(2617.0, 3702.0): [(2842.0, 3622.0), (2526.0, 3750.0), (2548.0, 3522.0)]
(2526.0, 3750.0): [(2617.0, 3702.0), (2527.0, 3802.0), (2480.0, 3766.0)]
(2688.0, 3823.0): [(3018.0, 3852.0), (2527.0, 3802.0)]
(2480.0, 3766.0): [(2480.0, 3766.0), (2526.0, 3750.0), (2473.0, 3807.0), (2403.0, 3590.0)]
(2527.0, 3802.0): [(2688.0, 3823.0), (2526.0, 3750.0), (2473.0, 3807.0)]
(2473.0, 3807.0): [(2480.0, 3766.0), (2527.0, 3802.0), (2147.0, 3852.0)]
(2403.0, 3590.0): [(2480.0, 3766.0), (2403.0, 3590.0), (2352.0, 3458.0), (2548.0, 3522.0), (2117.0, 3672.0)]
(2901.0, 3399.0): [(2984.0, 3586.0), (2967.0, 3376.0), (2828.0, 3217.0), (2772.0, 3430.0)]
(2147.0, 3852.0): [(2473.0, 3807.0), (1909.0, 3888.0), (2117.0, 3672.0)]
(2069.0, 3497.0): [(2050.0, 3344.0), (1979.0, 3497.0), (2117.0, 3672.0)]
(2050.0, 3344.0): [(2069.0, 3497.0), (2186.0, 3357.0), (2063.0, 3286.0), (1964.0, 3321.0)]
(1818.0, 3723.0): [(1840.0, 3783.0), (1802.0, 3673.0), (1922.0, 3698.0), (1636.0, 3783.0)]
(1840.0, 3783.0): [(1818.0, 3723.0), (1862.0, 3825.0), (1557.0, 3896.0)]
(1862.0, 3825.0): [(1840.0, 3783.0), (1909.0, 3888.0), (1675.0, 3908.0)]
(1909.0, 3888.0): [(1862.0, 3825.0), (2147.0, 3852.0), (1950.0, 4000.0)]
(2333.0, 3357.0): [(2352.0, 3458.0), (2486.0, 3334.0), (2186.0, 3357.0), (2342.0, 3201.0)]
(3219.0, 3331.0): [(3274.0, 3543.0), (3294.0, 3331.0), (3190.0, 3149.0), (3098.0, 3341.0)]
(3190.0, 3149.0): [(3219.0, 3331.0), (3308.0, 3150.0), (3064.0, 3161.0), (3181.0, 3111.0)]
(3414.0, 3150.0): [(3308.0, 3150.0), (3414.0, 3150.0), (3435.0, 3154.0), (3418.0, 3107.0)]
(3418.0, 3107.0): [(3414.0, 3150.0), (3632.0, 3136.0), (3309.0, 3111.0), (3419.0, 2802.0)]
(3632.0, 3136.0): [(3418.0, 3107.0), (3792.0, 3147.0), (3629.0, 3176.0)]
(3181.0, 3111.0): [(3060.0, 3125.0), (3190.0, 3149.0), (3309.0, 3111.0)]
(3060.0, 3125.0): [(3181.0, 3111.0), (2928.0, 3145.0), (3064.0, 3161.0)]
(2928.0, 3145.0): [(3060.0, 3125.0), (2813.0, 3179.0), (2940.0, 3187.0)]
(2813.0, 3179.0): [(2928.0, 3145.0), (2690.0, 3226.0), (2828.0, 3217.0)]
(2690.0, 3226.0): [(2813.0, 3179.0), (2708.0, 3261.0), (2605.0, 3243.0)]
(2708.0, 3261.0): [(2690.0, 3226.0), (2828.0, 3217.0), (2486.0, 3334.0), (2772.0, 3430.0)]
(2828.0, 3217.0): [(2708.0, 3261.0), (2940.0, 3187.0), (2901.0, 3399.0), (2813.0, 3179.0)]
(2940.0, 3187.0): [(2828.0, 3217.0), (3064.0, 3161.0), (2967.0, 3376.0), (2928.0, 3145.0)]
(3064.0, 3161.0): [(2940.0, 3187.0), (3190.0, 3149.0), (3060.0, 3125.0), (3098.0, 3341.0)]
(2967.0, 3376.0): [(2984.0, 3586.0), (2901.0, 3399.0), (2940.0, 3187.0), (3098.0, 3341.0)]
(3309.0, 3111.0): [(3181.0, 3111.0), (3418.0, 3107.0), (3308.0, 3150.0)]
(2486.0, 3334.0): [(2708.0, 3261.0), (2333.0, 3357.0), (2548.0, 3522.0)]
(2352.0, 3458.0): [(2403.0, 3590.0), (2333.0, 3357.0)]
(2186.0, 3357.0): [(2333.0, 3357.0), (2050.0, 3344.0), (2197.0, 3252.0)]
(2342.0, 3201.0): [(2333.0, 3357.0), (2197.0, 3183.0), (2368.0, 3128.0)]
(2197.0, 3183.0): [(2342.0, 3201.0), (2197.0, 3252.0)]
(2605.0, 3243.0): [(2690.0, 3226.0), (2523.0, 3237.0)]
(2523.0, 3237.0): [(2605.0, 3243.0), (2462.0, 3199.0)]
(2462.0, 3199.0): [(2523.0, 3237.0), (2423.0, 3152.0)]
(2423.0, 3152.0): [(2462.0, 3199.0), (2368.0, 3128.0)]
(2368.0, 3128.0): [(2423.0, 3152.0), (2342.0, 3201.0), (2473.0, 2947.0)]
(2079.0, 3216.0): [(2103.0, 3132.0), (2063.0, 3286.0), (1992.0, 3191.0)]
(2103.0, 3132.0): [(2079.0, 3216.0), (2165.0, 3084.0), (2004.0, 3109.0)]
(2165.0, 3084.0): [(2103.0, 3132.0), (2212.0, 3000.0)]
(2473.0, 2947.0): [(2368.0, 3128.0), (2538.0, 2853.0), (2419.0, 2867.0), (2221.0, 2943.0), (2638.0, 2942.0)]
(3014.0, 2690.0): [(2866.0, 2685.0), (3165.0, 2686.0), (3015.0, 2564.0)]
(2866.0, 2685.0): [(3014.0, 2690.0), (2598.0, 2686.0), (2865.0, 2562.0)]
(2598.0, 2686.0): [(2866.0, 2685.0), (2538.0, 2853.0), (2336.0, 2692.0), (2616.0, 2510.0)]
(2538.0, 2853.0): [(2598.0, 2686.0), (2473.0, 2947.0), (2643.0, 2882.0), (2419.0, 2867.0)]
(2419.0, 2867.0): [(2473.0, 2947.0), (2538.0, 2853.0), (2351.0, 2796.0)]
(2643.0, 2882.0): [(2538.0, 2853.0), (2638.0, 2942.0)]
(2288.0, 2738.0): [(2336.0, 2692.0), (2220.0, 2799.0), (2351.0, 2796.0)]
(2336.0, 2692.0): [(2288.0, 2738.0), (2598.0, 2686.0)]
(2220.0, 2799.0): [(2288.0, 2738.0), (2221.0, 2943.0), (2190.0, 2762.0), (2218.0, 2650.0)]
(2221.0, 2943.0): [(2220.0, 2799.0), (2212.0, 3000.0), (2473.0, 2947.0), (2138.0, 2920.0)]
(2212.0, 3000.0): [(2221.0, 2943.0), (2165.0, 3084.0)]
(3165.0, 2686.0): [(3014.0, 2690.0), (3448.0, 2689.0), (3167.0, 2566.0)]
(3448.0, 2689.0): [(3165.0, 2686.0), (3419.0, 2802.0), (3465.0, 2706.0), (3451.0, 2527.0)]
(3419.0, 2802.0): [(3448.0, 2689.0), (3418.0, 3107.0), (3469.0, 2807.0)]
(3576.0, 2808.0): [(3469.0, 2807.0), (3605.0, 2727.0), (3674.0, 2757.0)]
(3469.0, 2807.0): [(3576.0, 2808.0), (3419.0, 2802.0), (3465.0, 2706.0)]
(3465.0, 2706.0): [(3469.0, 2807.0), (3448.0, 2689.0), (3555.0, 2667.0)]
(3451.0, 2527.0): [(3448.0, 2689.0), (3544.0, 2482.0), (3445.0, 2042.0)]
(3544.0, 2482.0): [(3451.0, 2527.0), (3638.0, 2455.0)]
(3638.0, 2455.0): [(3544.0, 2482.0), (3763.0, 2440.0), (3643.0, 2499.0)]
(3643.0, 2499.0): [(3638.0, 2455.0), (3657.0, 2609.0), (3701.0, 2496.0), (3559.0, 2524.0)]
(3657.0, 2609.0): [(3643.0, 2499.0), (3669.0, 2695.0), (3599.0, 2627.0), (3715.0, 2611.0)]
(3669.0, 2695.0): [(3657.0, 2609.0), (3605.0, 2727.0), (3741.0, 2703.0), (3674.0, 2757.0)]
(3605.0, 2727.0): [(3576.0, 2808.0), (3669.0, 2695.0), (3555.0, 2667.0), (3674.0, 2757.0)]
(3741.0, 2703.0): [(3669.0, 2695.0), (3776.0, 2611.0), (3674.0, 2757.0)]
(3776.0, 2611.0): [(3741.0, 2703.0), (3779.0, 2563.0), (3715.0, 2611.0)]
(3779.0, 2563.0): [(3776.0, 2611.0), (3749.0, 2510.0)]
(3749.0, 2510.0): [(3779.0, 2563.0), (3701.0, 2496.0)]
(3701.0, 2496.0): [(3749.0, 2510.0), (3643.0, 2499.0)]
(3559.0, 2524.0): [(3643.0, 2499.0), (3524.0, 2590.0)]
(3524.0, 2590.0): [(3559.0, 2524.0), (3555.0, 2667.0)]
(3555.0, 2667.0): [(3524.0, 2590.0), (3465.0, 2706.0), (3605.0, 2727.0), (3599.0, 2627.0)]
(3599.0, 2627.0): [(3555.0, 2667.0), (3657.0, 2609.0)]
(3715.0, 2611.0): [(3657.0, 2609.0), (3776.0, 2611.0)]
(3167.0, 2566.0): [(3165.0, 2686.0), (3167.0, 2477.0), (3015.0, 2564.0)]
(3167.0, 2477.0): [(3167.0, 2566.0), (3014.0, 2477.0)]
(3014.0, 2477.0): [(3167.0, 2477.0), (2865.0, 2478.0), (3015.0, 2564.0)]
(2865.0, 2478.0): [(3014.0, 2477.0), (2865.0, 2562.0)]
(2865.0, 2562.0): [(2865.0, 2478.0), (2866.0, 2685.0), (3015.0, 2564.0)]
(3445.0, 2042.0): [(3451.0, 2527.0), (3900.0, 1985.0), (3229.0, 2064.0)]
(3900.0, 1985.0): [(3445.0, 2042.0), (3903.0, 1775.0), (4004.0, 2010.0)]
(3229.0, 2064.0): [(3445.0, 2042.0), (3100.0, 2079.0), (3242.0, 1825.0)]
(3100.0, 2079.0): [(3229.0, 2064.0), (2862.0, 2065.0), (3102.0, 1809.0)]
(2862.0, 2065.0): [(3100.0, 2079.0), (2635.0, 2006.0), (2891.0, 1791.0)]
(2635.0, 2006.0): [(2862.0, 2065.0), (2575.0, 1986.0), (2632.0, 1972.0), (2565.0, 2029.0)]
(2575.0, 1986.0): [(2635.0, 2006.0), (2632.0, 1972.0), (2565.0, 2029.0), (2528.0, 1968.0), (2582.0, 1939.0)]
(4004.0, 2010.0): [(3900.0, 1985.0), (4102.0, 2064.0)]
(4102.0, 2064.0): [(4004.0, 2010.0), (4196.0, 2151.0)]
(3102.0, 1809.0): [(3100.0, 2079.0), (3099.0, 1582.0), (2891.0, 1791.0), (3242.0, 1825.0)]
(3099.0, 1582.0): [(3102.0, 1809.0), (3365.0, 1634.0), (2883.0, 1549.0)]
(3365.0, 1634.0): [(3099.0, 1582.0), (3529.0, 1645.0)]
(3529.0, 1645.0): [(3365.0, 1634.0), (3745.0, 1608.0)]
(2883.0, 1549.0): [(3099.0, 1582.0), (2675.0, 1514.0), (2891.0, 1791.0)]
(2674.0, 1792.0): [(2670.0, 1678.0), (2672.0, 1900.0), (2569.0, 1792.0), (2891.0, 1791.0)]
(2670.0, 1678.0): [(2674.0, 1792.0), (2675.0, 1514.0), (2556.0, 1679.0), (2891.0, 1791.0)]
(2675.0, 1514.0): [(2670.0, 1678.0), (2883.0, 1549.0), (2373.0, 1457.0), (2675.0, 1117.0), (2495.0, 1236.0)]
(2672.0, 1900.0): [(2674.0, 1792.0), (2632.0, 1972.0), (2569.0, 1792.0), (2891.0, 1791.0)]
(2632.0, 1972.0): [(2672.0, 1900.0), (2635.0, 2006.0), (2575.0, 1986.0), (2632.0, 1972.0), (2582.0, 1939.0)]
(2565.0, 2029.0): [(2575.0, 1986.0), (2635.0, 2006.0), (2528.0, 1968.0), (2563.0, 2087.0)]
(2528.0, 1968.0): [(2565.0, 2029.0), (2575.0, 1986.0), (2582.0, 1939.0), (2405.0, 1932.0), (2569.0, 1792.0)]
(2582.0, 1939.0): [(2582.0, 1939.0), (2528.0, 1968.0), (2632.0, 1972.0), (2575.0, 1986.0), (2569.0, 1792.0)]
(2556.0, 1679.0): [(2545.0, 1602.0), (2670.0, 1678.0), (2477.0, 1682.0), (2569.0, 1792.0)]
(2545.0, 1602.0): [(2556.0, 1679.0), (2468.0, 1595.0)]
(2616.0, 2510.0): [(2598.0, 2686.0), (2608.0, 2399.0)]
(2608.0, 2399.0): [(2616.0, 2510.0), (2584.0, 2291.0)]
(2584.0, 2291.0): [(2608.0, 2399.0), (2568.0, 2190.0)]
(2568.0, 2190.0): [(2584.0, 2291.0), (2563.0, 2087.0)]
(2563.0, 2087.0): [(2568.0, 2190.0), (2565.0, 2029.0)]
(2405.0, 1932.0): [(2528.0, 1968.0), (2270.0, 1923.0), (2569.0, 1792.0)]
(2270.0, 1923.0): [(2405.0, 1932.0), (2220.0, 1926.0), (2273.0, 2039.0)]
(2220.0, 1926.0): [(2270.0, 1923.0), (2037.0, 1977.0)]
(2037.0, 1977.0): [(2220.0, 1926.0), (1886.0, 2075.0), (1989.0, 1876.0)]
(1886.0, 2075.0): [(2037.0, 1977.0), (1783.0, 2195.0), (1813.0, 1996.0)]
(1783.0, 2195.0): [(1886.0, 2075.0), (1717.0, 2341.0)]
(1989.0, 1876.0): [(2037.0, 1977.0), (1989.0, 1798.0)]
(1989.0, 1798.0): [(1989.0, 1876.0), (1988.0, 1706.0), (2092.0, 1800.0), (1882.0, 1799.0)]
(1813.0, 1996.0): [(1886.0, 2075.0), (1756.0, 1992.0), (1757.0, 1935.0)]
(1756.0, 1992.0): [(1813.0, 1996.0), (1757.0, 1935.0), (1419.0, 1996.0)]
(1757.0, 1935.0): [(1756.0, 1992.0), (1813.0, 1996.0), (1756.0, 1834.0)]
(1756.0, 1834.0): [(1757.0, 1935.0), (1789.0, 1824.0), (1694.0, 1828.0)]
(1789.0, 1824.0): [(1756.0, 1834.0), (1793.0, 1708.0)]
(1793.0, 1708.0): [(1789.0, 1824.0), (1694.0, 1710.0), (1988.0, 1706.0)]
(1694.0, 1710.0): [(1793.0, 1708.0), (1694.0, 1755.0), (1695.0, 1659.0)]
(1694.0, 1755.0): [(1694.0, 1710.0), (1694.0, 1828.0), (1613.0, 1749.0)]
(1694.0, 1828.0): [(1694.0, 1755.0), (1756.0, 1834.0), (1538.0, 1831.0)]
(1185.0, 2333.0): [(1183.0, 2093.0), (1183.0, 2592.0), (1032.0, 2340.0)]
(1183.0, 2093.0): [(1185.0, 2333.0), (1189.0, 2000.0), (1085.0, 2091.0)]
(1189.0, 2000.0): [(1183.0, 2093.0), (1419.0, 1996.0)]
(1178.0, 1824.0): [(1142.0, 1892.0), (1204.0, 1732.0)]
(1142.0, 1892.0): [(1178.0, 1824.0), (1073.0, 1966.0)]
(1073.0, 1966.0): [(1142.0, 1892.0), (1005.0, 2034.0)]
(1005.0, 2034.0): [(1073.0, 1966.0), (947.0, 2109.0)]
(947.0, 2109.0): [(1005.0, 2034.0), (903.0, 2202.0)]
(903.0, 2202.0): [(947.0, 2109.0), (881.0, 2275.0)]
(1204.0, 1732.0): [(1178.0, 1824.0), (1226.0, 1659.0)]
(1226.0, 1659.0): [(1204.0, 1732.0), (1270.0, 1581.0)]
(1270.0, 1581.0): [(1226.0, 1659.0), (1336.0, 1514.0)]
(1336.0, 1514.0): [(1270.0, 1581.0), (1413.0, 1472.0)]
(1413.0, 1472.0): [(1336.0, 1514.0), (1551.0, 1444.0)]
(1693.0, 1445.0): [(1990.0, 1447.0), (1695.0, 1487.0), (1551.0, 1444.0)]
(1990.0, 1447.0): [(1693.0, 1445.0), (2189.0, 1445.0), (1989.0, 1621.0)]
(1988.0, 1706.0): [(1793.0, 1708.0), (1989.0, 1798.0), (2091.0, 1707.0), (1989.0, 1621.0)]
(2189.0, 1445.0): [(1990.0, 1447.0), (2373.0, 1457.0)]
(2373.0, 1457.0): [(2189.0, 1445.0), (2675.0, 1514.0), (2374.0, 1589.0)]
(2675.0, 1117.0): [(2675.0, 1514.0), (2673.0, 1010.0), (2865.0, 1116.0)]
(2673.0, 1010.0): [(2675.0, 1117.0), (2673.0, 914.0), (2854.0, 1019.0)]
(2865.0, 1116.0): [(2675.0, 1117.0), (3016.0, 1116.0), (2854.0, 1019.0)]
(3016.0, 1116.0): [(2865.0, 1116.0), (3022.0, 1016.0)]
(3022.0, 1016.0): [(3016.0, 1116.0), (3020.0, 918.0), (2854.0, 1019.0)]
(3020.0, 918.0): [(3022.0, 1016.0), (2862.0, 915.0)]
(2673.0, 914.0): [(2673.0, 1010.0), (2675.0, 812.0), (2862.0, 915.0)]
(2675.0, 812.0): [(2673.0, 914.0), (2700.0, 737.0), (2817.0, 825.0)]
(2862.0, 915.0): [(2673.0, 914.0), (3020.0, 918.0), (2817.0, 825.0), (2854.0, 1019.0)]
(2700.0, 737.0): [(2675.0, 812.0), (2805.0, 589.0), (2690.0, 694.0)]
(2805.0, 589.0): [(2700.0, 737.0), (2918.0, 539.0)]
(2918.0, 539.0): [(2805.0, 589.0), (2942.0, 466.0), (2920.0, 589.0), (3225.0, 609.0)]
(1538.0, 1831.0): [(1694.0, 1828.0), (1411.0, 1832.0), (1537.0, 1754.0)]
(1411.0, 1832.0): [(1538.0, 1831.0), (1415.0, 1914.0), (1228.0, 1825.0)]
(1415.0, 1914.0): [(1411.0, 1832.0), (1419.0, 1996.0), (1299.0, 1911.0), (1527.0, 1911.0)]
(1419.0, 1996.0): [(1415.0, 1914.0), (1418.0, 2079.0), (1189.0, 2000.0), (1756.0, 1992.0)]
(1418.0, 2079.0): [(1419.0, 1996.0), (1423.0, 2249.0), (1258.0, 2082.0), (1533.0, 2083.0)]
(1423.0, 2249.0): [(1418.0, 2079.0), (1419.0, 2332.0), (1563.0, 2250.0), (1290.0, 2252.0)]
(1717.0, 2341.0): [(1783.0, 2195.0), (1419.0, 2332.0), (1697.0, 2435.0)]
(1419.0, 2332.0): [(1717.0, 2341.0), (1423.0, 2249.0), (1409.0, 2499.0)]
(1411.0, 2595.0): [(1353.0, 2598.0), (1700.0, 2598.0), (1409.0, 2499.0)]
(1353.0, 2598.0): [(1411.0, 2595.0), (1223.0, 2600.0)]
(1223.0, 2600.0): [(1353.0, 2598.0), (1183.0, 2592.0), (1225.0, 2696.0)]
(1183.0, 2592.0): [(1223.0, 2600.0), (1185.0, 2333.0), (1101.0, 2600.0)]
(1111.0, 2828.0): [(961.0, 2824.0), (1223.0, 2833.0), (1112.0, 2736.0)]
(961.0, 2824.0): [(1111.0, 2828.0), (937.0, 2696.0), (952.0, 2957.0), (870.0, 2846.0)]
(1226.0, 2870.0): [(1223.0, 2833.0), (1334.0, 2875.0)]
(1223.0, 2833.0): [(1226.0, 2870.0), (1228.0, 2789.0), (1111.0, 2828.0)]
(1228.0, 2789.0): [(1223.0, 2833.0), (1351.0, 2785.0), (1226.0, 2741.0)]
(1700.0, 2598.0): [(1411.0, 2595.0), (1738.0, 2748.0), (1697.0, 2435.0)]
(1738.0, 2748.0): [(1700.0, 2598.0), (1766.0, 2804.0)]
(1697.0, 2435.0): [(1700.0, 2598.0), (1717.0, 2341.0)]
(916.0, 2634.0): [(937.0, 2696.0), (780.0, 2702.0), (876.0, 2521.0), (1002.0, 2603.0)]
(937.0, 2696.0): [(916.0, 2634.0), (961.0, 2824.0), (860.0, 2722.0)]
(952.0, 2957.0): [(961.0, 2824.0), (921.0, 3070.0), (860.0, 2983.0)]
(1788.0, 2862.0): [(1816.0, 2941.0), (1766.0, 2804.0)]
(1816.0, 2941.0): [(1788.0, 2862.0), (1836.0, 3065.0), (1955.0, 2971.0)]
(1836.0, 3065.0): [(1816.0, 2941.0), (1835.0, 3148.0)]
(1835.0, 3148.0): [(1836.0, 3065.0), (1911.0, 3166.0), (1821.0, 3181.0)]
(2190.0, 2762.0): [(2119.0, 2805.0), (2220.0, 2799.0), (2218.0, 2650.0)]
(2119.0, 2805.0): [(2190.0, 2762.0), (2097.0, 2848.0)]
(2097.0, 2848.0): [(2119.0, 2805.0), (2051.0, 2876.0)]
(2051.0, 2876.0): [(2097.0, 2848.0), (1927.0, 2852.0), (2014.0, 2924.0)]
(1927.0, 2852.0): [(2051.0, 2876.0), (1931.0, 2818.0)]
(1931.0, 2818.0): [(1927.0, 2852.0)]
(2014.0, 2924.0): [(2051.0, 2876.0), (1991.0, 3031.0), (1955.0, 2971.0)]
(1991.0, 3031.0): [(2014.0, 2924.0), (1991.0, 3031.0), (1945.0, 3027.0), (2004.0, 3109.0)]
(1945.0, 3027.0): [(1945.0, 3027.0), (1991.0, 3031.0), (1931.0, 3091.0), (1955.0, 2971.0)]
(1931.0, 3091.0): [(1945.0, 3027.0), (2004.0, 3109.0), (1911.0, 3166.0)]
(2004.0, 3109.0): [(1931.0, 3091.0), (1991.0, 3031.0), (2103.0, 3132.0), (1992.0, 3191.0)]
(1911.0, 3166.0): [(1931.0, 3091.0), (1835.0, 3148.0), (1896.0, 3246.0), (1992.0, 3191.0)]
(1896.0, 3246.0): [(1911.0, 3166.0), (1979.0, 3272.0)]
(1979.0, 3272.0): [(1896.0, 3246.0), (2063.0, 3286.0), (1964.0, 3321.0), (1992.0, 3191.0)]
(2063.0, 3286.0): [(1979.0, 3272.0), (2079.0, 3216.0), (2050.0, 3344.0)]
(1964.0, 3321.0): [(1979.0, 3272.0), (2050.0, 3344.0), (1808.0, 3276.0)]
(1808.0, 3276.0): [(1964.0, 3321.0), (1818.0, 3231.0), (1785.0, 3352.0), (1653.0, 3222.0)]
(1818.0, 3231.0): [(1808.0, 3276.0), (1821.0, 3181.0)]
(1785.0, 3352.0): [(1808.0, 3276.0), (1777.0, 3415.0), (1523.0, 3321.0)]
(1777.0, 3415.0): [(1785.0, 3352.0), (1782.0, 3579.0), (1586.0, 3409.0)]
(1523.0, 3321.0): [(1785.0, 3352.0), (1475.0, 3321.0), (1544.0, 3189.0)]
(1475.0, 3321.0): [(1523.0, 3321.0), (1468.0, 3396.0)]
(1468.0, 3396.0): [(1475.0, 3321.0), (1474.0, 3611.0), (1586.0, 3409.0)]
(1544.0, 3189.0): [(1523.0, 3321.0), (1586.0, 3169.0), (1653.0, 3222.0)]
(2218.0, 2650.0): [(2220.0, 2799.0), (2190.0, 2762.0), (2219.0, 2587.0)]
(2219.0, 2587.0): [(2218.0, 2650.0), (2316.0, 2584.0), (2116.0, 2582.0), (2218.0, 2494.0)]
(2316.0, 2584.0): [(2219.0, 2587.0), (2326.0, 2494.0)]
(2326.0, 2494.0): [(2316.0, 2584.0), (2324.0, 2407.0), (2218.0, 2494.0)]
(2116.0, 2582.0): [(2219.0, 2587.0), (2113.0, 2498.0)]
(2113.0, 2498.0): [(2116.0, 2582.0), (2114.0, 2409.0), (2218.0, 2494.0)]
(2219.0, 2404.0): [(2114.0, 2409.0), (2292.0, 2404.0), (2234.0, 2317.0), (2218.0, 2494.0)]
(2114.0, 2409.0): [(2219.0, 2404.0), (2113.0, 2498.0)]
(2324.0, 2407.0): [(2326.0, 2494.0), (2342.0, 2320.0), (2292.0, 2404.0)]
(2292.0, 2404.0): [(2324.0, 2407.0), (2219.0, 2404.0), (2290.0, 2317.0)]
(2342.0, 2320.0): [(2340.0, 2235.0), (2324.0, 2407.0), (2290.0, 2317.0)]
(2234.0, 2317.0): [(2243.0, 2232.0), (2219.0, 2404.0), (2290.0, 2317.0)]
(2243.0, 2232.0): [(2234.0, 2317.0), (2340.0, 2235.0)]
(2340.0, 2235.0): [(2243.0, 2232.0), (2342.0, 2320.0)]
(1695.0, 1659.0): [(1694.0, 1710.0), (1694.0, 1573.0), (1615.0, 1672.0), (1750.0, 1652.0)]
(1694.0, 1573.0): [(1695.0, 1659.0), (1695.0, 1487.0), (1749.0, 1572.0), (1618.0, 1571.0)]
(1695.0, 1487.0): [(1694.0, 1573.0), (1693.0, 1445.0), (1621.0, 1490.0), (1751.0, 1492.0)]
(1540.0, 1534.0): [(1537.0, 1593.0), (1484.0, 1531.0), (1550.0, 1487.0)]
(1537.0, 1593.0): [(1540.0, 1534.0), (1424.0, 1594.0), (1538.0, 1705.0)]
(1424.0, 1594.0): [(1537.0, 1593.0), (1362.0, 1614.0), (1422.0, 1526.0), (1412.0, 1671.0), (1401.0, 1565.0)]
(1538.0, 1705.0): [(1537.0, 1593.0), (1537.0, 1754.0), (1410.0, 1709.0)]
(1537.0, 1754.0): [(1538.0, 1705.0), (1538.0, 1831.0), (1473.0, 1756.0)]
(1410.0, 1709.0): [(1538.0, 1705.0), (1411.0, 1757.0), (1381.0, 1708.0)]
(1353.0, 1712.0): [(1292.0, 1706.0), (1356.0, 1758.0), (1381.0, 1708.0)]
(1292.0, 1706.0): [(1353.0, 1712.0), (1237.0, 1714.0)]
(1356.0, 1758.0): [(1353.0, 1712.0), (1301.0, 1755.0), (1411.0, 1757.0)]
(1782.0, 3579.0): [(1777.0, 3415.0), (1802.0, 3673.0), (1572.0, 3599.0)]
(1802.0, 3673.0): [(1782.0, 3579.0), (1818.0, 3723.0)]
(1527.0, 3821.0): [(1557.0, 3896.0), (1484.0, 3647.0), (1636.0, 3783.0)]
(1474.0, 3611.0): [(1468.0, 3396.0), (1484.0, 3647.0), (1572.0, 3599.0)]
(1557.0, 3896.0): [(1527.0, 3821.0), (1840.0, 3783.0)]
(1675.0, 3908.0): [(1862.0, 3825.0), (1701.0, 4011.0)]
(1950.0, 4000.0): [(1909.0, 3888.0), (1701.0, 4011.0)]
(921.0, 3070.0): [(952.0, 2957.0), (827.0, 3234.0), (827.0, 3104.0)]
(584.0, 3075.0): [(626.0, 3167.0), (513.0, 3098.0), (574.0, 3013.0), (631.0, 3067.0)]
(626.0, 3167.0): [(584.0, 3075.0), (590.0, 3278.0), (655.0, 3281.0), (737.0, 3273.0)]
(527.0, 2942.0): [(415.0, 2915.0), (558.0, 2939.0)]
(699.0, 2879.0): [(727.0, 2823.0), (558.0, 2939.0)]
(780.0, 2702.0): [(916.0, 2634.0), (727.0, 2823.0)]
(415.0, 2915.0): [(527.0, 2942.0), (371.0, 2926.0)]
(371.0, 2926.0): [(415.0, 2915.0), (350.0, 2861.0), (448.0, 3119.0)]
(350.0, 2861.0): [(371.0, 2926.0), (345.0, 2749.0)]
(448.0, 3119.0): [(371.0, 2926.0), (458.0, 3154.0), (513.0, 3098.0)]
(458.0, 3154.0): [(448.0, 3119.0), (394.0, 3406.0)]
(590.0, 3278.0): [(626.0, 3167.0), (655.0, 3281.0), (553.0, 3433.0)]
(655.0, 3281.0): [(590.0, 3278.0), (737.0, 3273.0), (626.0, 3167.0), (553.0, 3433.0)]
(737.0, 3273.0): [(655.0, 3281.0), (626.0, 3167.0), (766.0, 3355.0), (768.0, 3260.0)]
(827.0, 3234.0): [(921.0, 3070.0), (813.0, 3243.0)]
(553.0, 3433.0): [(590.0, 3278.0), (655.0, 3281.0), (526.0, 3570.0), (465.0, 3400.0)]
(394.0, 3406.0): [(458.0, 3154.0), (373.0, 3535.0), (465.0, 3400.0)]
(526.0, 3570.0): [(553.0, 3433.0), (486.0, 3697.0), (373.0, 3535.0), (642.0, 3591.0)]
(486.0, 3697.0): [(526.0, 3570.0), (435.0, 3842.0), (392.0, 3683.0)]
(435.0, 3842.0): [(486.0, 3697.0), (290.0, 3803.0), (502.0, 3861.0)]
(290.0, 3803.0): [(435.0, 3842.0), (328.0, 3655.0)]
(328.0, 3655.0): [(290.0, 3803.0), (373.0, 3535.0), (392.0, 3683.0)]
(373.0, 3535.0): [(328.0, 3655.0), (394.0, 3406.0), (526.0, 3570.0)]
(345.0, 2749.0): [(350.0, 2861.0), (368.0, 2643.0)]
(368.0, 2643.0): [(345.0, 2749.0), (385.0, 2594.0), (437.0, 2658.0)]
(385.0, 2594.0): [(368.0, 2643.0), (446.0, 2534.0)]
(446.0, 2534.0): [(385.0, 2594.0), (481.0, 2416.0), (508.0, 2552.0)]
(481.0, 2416.0): [(446.0, 2534.0), (520.0, 2356.0), (569.0, 2437.0)]
(520.0, 2356.0): [(481.0, 2416.0), (621.0, 2309.0), (622.0, 2324.0)]
(621.0, 2309.0): [(520.0, 2356.0), (607.0, 2262.0), (622.0, 2324.0)]
(607.0, 2262.0): [(621.0, 2309.0), (544.0, 2283.0), (589.0, 2219.0)]
(560.0, 2141.0): [(596.0, 2097.0), (541.0, 2089.0), (512.0, 2168.0), (589.0, 2219.0)]
(596.0, 2097.0): [(560.0, 2141.0), (680.0, 2071.0), (541.0, 2089.0)]
(680.0, 2071.0): [(596.0, 2097.0), (721.0, 2172.0), (653.0, 2017.0)]
(721.0, 2172.0): [(680.0, 2071.0), (756.0, 2238.0), (656.0, 2198.0)]
(756.0, 2238.0): [(721.0, 2172.0), (839.0, 2264.0)]
(839.0, 2264.0): [(756.0, 2238.0), (822.0, 2326.0)]
(822.0, 2326.0): [(839.0, 2264.0), (807.0, 2389.0), (764.0, 2309.0)]
(807.0, 2389.0): [(822.0, 2326.0), (862.0, 2405.0), (669.0, 2358.0)]
(862.0, 2405.0): [(807.0, 2389.0), (876.0, 2521.0), (881.0, 2275.0)]
(876.0, 2521.0): [(862.0, 2405.0), (916.0, 2634.0)]
(881.0, 2275.0): [(862.0, 2405.0), (903.0, 2202.0)]
(2091.0, 1707.0): [(1988.0, 1706.0), (2187.0, 1687.0)]
(2187.0, 1687.0): [(2091.0, 1707.0), (2186.0, 1567.0), (2283.0, 1687.0), (2192.0, 1785.0)]
(2186.0, 1567.0): [(2187.0, 1687.0), (2275.0, 1573.0)]
(2374.0, 1589.0): [(2373.0, 1457.0), (2370.0, 1686.0), (2275.0, 1573.0), (2468.0, 1595.0)]
(2477.0, 1682.0): [(2556.0, 1679.0), (2370.0, 1686.0), (2569.0, 1792.0), (2470.0, 1724.0)]
(2370.0, 1686.0): [(2477.0, 1682.0), (2283.0, 1687.0), (2374.0, 1589.0), (2373.0, 1720.0)]
(2283.0, 1687.0): [(2370.0, 1686.0), (2187.0, 1687.0)]
(2372.0, 1784.0): [(2276.0, 1783.0), (2373.0, 1720.0)]
(2192.0, 1785.0): [(2187.0, 1687.0), (2276.0, 1783.0)]
(1563.0, 2250.0): [(1423.0, 2249.0), (1563.0, 2288.0), (1557.0, 2214.0)]
(1290.0, 2252.0): [(1423.0, 2249.0), (1290.0, 2209.0), (1291.0, 2290.0)]
(1355.0, 2706.0): [(1355.0, 2740.0), (1352.0, 2658.0), (1225.0, 2696.0)]
(1334.0, 2875.0): [(1226.0, 2870.0), (1334.0, 2915.0), (1334.0, 2832.0)]
(2275.0, 1573.0): [(2374.0, 1589.0), (2186.0, 1567.0), (2273.0, 1629.0), (2275.0, 1524.0)]
(2468.0, 1595.0): [(2374.0, 1589.0), (2545.0, 1602.0), (2471.0, 1652.0), (2473.0, 1544.0)]
(2276.0, 1783.0): [(2372.0, 1784.0), (2192.0, 1785.0), (2273.0, 1733.0), (2275.0, 1839.0)]
(1613.0, 1749.0): [(1694.0, 1755.0)]
(1615.0, 1672.0): [(1695.0, 1659.0)]
(1750.0, 1652.0): [(1695.0, 1659.0)]
(1749.0, 1572.0): [(1694.0, 1573.0)]
(1618.0, 1571.0): [(1694.0, 1573.0)]
(1621.0, 1490.0): [(1695.0, 1487.0)]
(1751.0, 1492.0): [(1695.0, 1487.0)]
(1299.0, 1911.0): [(1415.0, 1914.0), (1304.0, 1952.0), (1300.0, 1869.0)]
(1258.0, 2082.0): [(1418.0, 2079.0), (1253.0, 2124.0), (1253.0, 2049.0)]
(1301.0, 1755.0): [(1356.0, 1758.0), (1227.0, 1747.0)]
(1473.0, 1756.0): [(1537.0, 1754.0), (1411.0, 1757.0)]
(1362.0, 1614.0): [(1424.0, 1594.0)]
(1484.0, 1531.0): [(1540.0, 1534.0), (1422.0, 1526.0)]
(764.0, 2309.0): [(822.0, 2326.0), (700.0, 2294.0)]
(656.0, 2198.0): [(721.0, 2172.0), (589.0, 2219.0)]
(653.0, 2017.0): [(680.0, 2071.0)]
(541.0, 2089.0): [(596.0, 2097.0), (560.0, 2141.0), (512.0, 2168.0)]
(512.0, 2168.0): [(560.0, 2141.0), (541.0, 2089.0)]
(544.0, 2283.0): [(607.0, 2262.0)]
(569.0, 2437.0): [(481.0, 2416.0)]
(508.0, 2552.0): [(446.0, 2534.0)]
(437.0, 2658.0): [(368.0, 2643.0)]
(827.0, 3104.0): [(921.0, 3070.0), (772.0, 3123.0)]
(860.0, 2983.0): [(952.0, 2957.0), (799.0, 3015.0)]
(870.0, 2846.0): [(961.0, 2824.0), (817.0, 2861.0)]
(860.0, 2722.0): [(937.0, 2696.0)]
(3820.0, 1714.0): [(3897.0, 1713.0), (3818.0, 1670.0), (3818.0, 1751.0)]
(3998.0, 1670.0): [(4069.0, 1675.0), (3992.0, 1718.0), (3992.0, 1635.0)]
(4069.0, 1675.0): [(3998.0, 1670.0), (4147.0, 1672.0), (4069.0, 1714.0)]
(4147.0, 1672.0): [(4069.0, 1675.0), (4149.0, 1718.0), (4148.0, 1636.0)]
(4014.0, 1857.0): [(4136.0, 1905.0), (4014.0, 1894.0), (4013.0, 1813.0)]
(4204.0, 1972.0): [(4136.0, 1905.0), (4174.0, 2005.0), (4224.0, 1942.0)]
(4701.0, 1999.0): [(4785.0, 1993.0), (4701.0, 2030.0), (4703.0, 1961.0)]
(4868.0, 1998.0): [(4785.0, 1993.0), (4955.0, 1995.0), (4868.0, 1961.0), (4867.0, 2031.0)]
(4955.0, 1995.0): [(4868.0, 1998.0), (5017.0, 2029.0), (5016.0, 1960.0)]
(5017.0, 2029.0): [(4955.0, 1995.0), (5016.0, 1960.0), (4867.0, 2031.0)]
(5016.0, 1960.0): [(4955.0, 1995.0), (4953.0, 1928.0), (5013.0, 1891.0), (5017.0, 2029.0)]
(5013.0, 1891.0): [(4953.0, 1928.0), (5016.0, 1960.0), (4867.0, 1890.0)]
(4867.0, 1890.0): [(4875.0, 1925.0), (5013.0, 1891.0)]
(4330.0, 1749.0): [(4401.0, 1752.0), (4322.0, 1788.0), (4324.0, 1711.0)]
(4401.0, 1752.0): [(4330.0, 1749.0), (4404.0, 1837.0), (4401.0, 1673.0)]
(4401.0, 1673.0): [(4401.0, 1752.0), (4323.0, 1672.0)]
(4323.0, 1672.0): [(4401.0, 1673.0), (4324.0, 1711.0), (4322.0, 1631.0)]
(4469.0, 1671.0): [(4578.0, 1670.0), (4472.0, 1633.0), (4474.0, 1712.0)]
(4578.0, 1670.0): [(4469.0, 1671.0), (4699.0, 1674.0), (4571.0, 1755.0)]
(4699.0, 1674.0): [(4578.0, 1670.0), (4694.0, 1711.0), (4694.0, 1635.0)]
(4703.0, 1749.0): [(4571.0, 1755.0), (4690.0, 1789.0), (4694.0, 1711.0)]
(4571.0, 1755.0): [(4703.0, 1749.0), (4578.0, 1670.0), (4476.0, 1751.0), (4569.0, 1838.0)]
(4476.0, 1751.0): [(4571.0, 1755.0), (4474.0, 1712.0), (4475.0, 1791.0)]
(4762.0, 1753.0): [(4764.0, 1837.0), (4762.0, 1674.0), (4821.0, 1754.0)]
(4762.0, 1674.0): [(4762.0, 1753.0), (4825.0, 1673.0)]
(4825.0, 1673.0): [(4762.0, 1674.0), (4819.0, 1635.0), (4820.0, 1712.0)]
(4821.0, 1754.0): [(4762.0, 1753.0), (4820.0, 1712.0), (4820.0, 1788.0)]
(4322.0, 1788.0): [(4330.0, 1749.0)]
(4324.0, 1711.0): [(4330.0, 1749.0), (4323.0, 1672.0)]
(4322.0, 1631.0): [(4323.0, 1672.0)]
(4472.0, 1633.0): [(4469.0, 1671.0)]
(4474.0, 1712.0): [(4469.0, 1671.0), (4476.0, 1751.0)]
(4475.0, 1791.0): [(4476.0, 1751.0)]
(4690.0, 1789.0): [(4703.0, 1749.0)]
(4694.0, 1711.0): [(4703.0, 1749.0), (4699.0, 1674.0)]
(4694.0, 1635.0): [(4699.0, 1674.0)]
(4819.0, 1635.0): [(4825.0, 1673.0)]
(4820.0, 1712.0): [(4825.0, 1673.0), (4821.0, 1754.0)]
(4820.0, 1788.0): [(4821.0, 1754.0)]
(4868.0, 1961.0): [(4868.0, 1998.0)]
(4867.0, 2031.0): [(4868.0, 1998.0), (4701.0, 2030.0), (5017.0, 2029.0)]
(4701.0, 2030.0): [(4701.0, 1999.0), (4867.0, 2031.0)]
(4703.0, 1961.0): [(4701.0, 1999.0)]
(4972.0, 1748.0): [(4973.0, 1838.0)]
(4174.0, 2005.0): [(4204.0, 1972.0)]
(4224.0, 1942.0): [(4204.0, 1972.0), (4158.0, 1880.0)]
(4014.0, 1894.0): [(4014.0, 1857.0)]
(4013.0, 1813.0): [(4014.0, 1857.0), (4081.0, 1815.0)]
(4149.0, 1718.0): [(4147.0, 1672.0), (4069.0, 1714.0)]
(4148.0, 1636.0): [(4147.0, 1672.0)]
(3992.0, 1718.0): [(3998.0, 1670.0), (4069.0, 1714.0)]
(3992.0, 1635.0): [(3998.0, 1670.0)]
(3818.0, 1670.0): [(3820.0, 1714.0)]
(3818.0, 1751.0): [(3820.0, 1714.0)]
(4158.0, 1880.0): [(4136.0, 1905.0), (4224.0, 1942.0), (4081.0, 1815.0), (4188.0, 1848.0)]
(4081.0, 1815.0): [(4158.0, 1880.0), (4013.0, 1813.0)]
(4069.0, 1714.0): [(4069.0, 1770.0), (3992.0, 1718.0), (4149.0, 1718.0), (4069.0, 1675.0)]
(2471.0, 1652.0): [(2468.0, 1595.0)]
(2473.0, 1544.0): [(2468.0, 1595.0)]
(2273.0, 1733.0): [(2276.0, 1783.0)]
(2275.0, 1839.0): [(2276.0, 1783.0)]
(2273.0, 1629.0): [(2275.0, 1573.0)]
(2275.0, 1524.0): [(2275.0, 1573.0)]
(2092.0, 1800.0): [(1989.0, 1798.0), (2092.0, 1841.0), (2091.0, 1757.0)]
(1989.0, 1621.0): [(1988.0, 1706.0), (1990.0, 1447.0), (2094.0, 1620.0), (1887.0, 1620.0)]
(2094.0, 1620.0): [(1989.0, 1621.0), (2093.0, 1663.0), (2097.0, 1580.0)]
(1887.0, 1620.0): [(1989.0, 1621.0), (1886.0, 1663.0), (1890.0, 1577.0)]
(1882.0, 1799.0): [(1880.0, 1754.0), (1884.0, 1836.0), (1989.0, 1798.0)]
(2092.0, 1841.0): [(2092.0, 1800.0)]
(2091.0, 1757.0): [(2092.0, 1800.0)]
(2093.0, 1663.0): [(2094.0, 1620.0)]
(2097.0, 1580.0): [(2094.0, 1620.0), (2098.0, 1501.0)]
(2098.0, 1501.0): [(2097.0, 1580.0)]
(1880.0, 1754.0): [(1882.0, 1799.0)]
(1884.0, 1836.0): [(1882.0, 1799.0), (1860.0, 1918.0)]
(1860.0, 1918.0): [(1884.0, 1836.0)]
(1886.0, 1663.0): [(1887.0, 1620.0)]
(1890.0, 1577.0): [(1887.0, 1620.0), (1892.0, 1503.0)]
(1892.0, 1503.0): [(1890.0, 1577.0)]
(1533.0, 2083.0): [(1418.0, 2079.0), (1678.0, 2084.0), (1530.0, 2044.0), (1529.0, 2122.0)]
(1678.0, 2084.0): [(1533.0, 2083.0), (1689.0, 2122.0), (1692.0, 2039.0)]
(1527.0, 1911.0): [(1415.0, 1914.0), (1653.0, 1911.0), (1527.0, 1947.0), (1531.0, 1864.0)]
(1653.0, 1911.0): [(1527.0, 1911.0), (1671.0, 1957.0), (1531.0, 1864.0)]
(1689.0, 2122.0): [(1678.0, 2084.0), (1529.0, 2122.0)]
(1692.0, 2039.0): [(1678.0, 2084.0), (1530.0, 2044.0)]
(1530.0, 2044.0): [(1533.0, 2083.0), (1692.0, 2039.0)]
(1529.0, 2122.0): [(1533.0, 2083.0), (1689.0, 2122.0)]
(1253.0, 2124.0): [(1258.0, 2082.0)]
(1253.0, 2049.0): [(1258.0, 2082.0)]
(1527.0, 1947.0): [(1527.0, 1911.0), (1671.0, 1957.0)]
(1671.0, 1957.0): [(1527.0, 1947.0), (1653.0, 1911.0)]
(1531.0, 1864.0): [(1527.0, 1911.0), (1653.0, 1911.0)]
(1304.0, 1952.0): [(1299.0, 1911.0)]
(1300.0, 1869.0): [(1299.0, 1911.0)]
(1409.0, 2499.0): [(1411.0, 2595.0), (1419.0, 2332.0), (1557.0, 2498.0), (1276.0, 2495.0)]
(1557.0, 2498.0): [(1409.0, 2499.0), (1555.0, 2544.0), (1556.0, 2461.0)]
(1276.0, 2495.0): [(1409.0, 2499.0), (1274.0, 2544.0), (1275.0, 2463.0)]
(1484.0, 3647.0): [(1527.0, 3821.0), (1474.0, 3611.0), (1403.0, 3663.0)]
(1403.0, 3663.0): [(1484.0, 3647.0), (1453.0, 3727.0), (1386.0, 3606.0)]
(1453.0, 3727.0): [(1403.0, 3663.0), (1485.0, 3805.0)]
(1485.0, 3805.0): [(1453.0, 3727.0), (1470.0, 3871.0)]
(1470.0, 3871.0): [(1485.0, 3805.0)]
(1386.0, 3606.0): [(1403.0, 3663.0), (1403.0, 3537.0)]
(1403.0, 3537.0): [(1386.0, 3606.0), (1427.0, 3462.0)]
(1427.0, 3462.0): [(1403.0, 3537.0), (1401.0, 3384.0)]
(1401.0, 3384.0): [(1427.0, 3462.0), (1395.0, 3315.0)]
(1395.0, 3315.0): [(1401.0, 3384.0), (1433.0, 3256.0)]
(1433.0, 3256.0): [(1395.0, 3315.0), (1503.0, 3197.0)]
(1503.0, 3197.0): [(1433.0, 3256.0), (1455.0, 3157.0), (1539.0, 3132.0)]
(1455.0, 3157.0): [(1503.0, 3197.0), (1420.0, 3104.0)]
(1420.0, 3104.0): [(1455.0, 3157.0), (1409.0, 3061.0)]
(1409.0, 3061.0): [(1420.0, 3104.0), (1407.0, 2995.0)]
(1407.0, 2995.0): [(1409.0, 3061.0), (1426.0, 2938.0)]
(1426.0, 2938.0): [(1407.0, 2995.0), (1471.0, 2900.0)]
(1471.0, 2900.0): [(1426.0, 2938.0), (1518.0, 2890.0)]
(1518.0, 2890.0): [(1471.0, 2900.0), (1553.0, 2852.0)]
(1553.0, 2852.0): [(1518.0, 2890.0), (1600.0, 2817.0)]
(1600.0, 2817.0): [(1553.0, 2852.0), (1641.0, 2816.0)]
(1641.0, 2816.0): [(1600.0, 2817.0), (1669.0, 2832.0)]
(1669.0, 2832.0): [(1641.0, 2816.0), (1707.0, 2889.0), (1766.0, 2804.0)]
(1707.0, 2889.0): [(1669.0, 2832.0), (1705.0, 2955.0)]
(1705.0, 2955.0): [(1707.0, 2889.0), (1663.0, 3008.0)]
(1663.0, 3008.0): [(1705.0, 2955.0), (1602.0, 3035.0)]
(1602.0, 3035.0): [(1663.0, 3008.0), (1561.0, 3074.0)]
(1561.0, 3074.0): [(1602.0, 3035.0), (1539.0, 3132.0)]
(1539.0, 3132.0): [(1561.0, 3074.0), (1503.0, 3197.0)]
(1821.0, 3181.0): [(1818.0, 3231.0), (1835.0, 3148.0), (1759.0, 3163.0)]
(1759.0, 3163.0): [(1821.0, 3181.0), (1766.0, 3120.0)]
(1766.0, 3120.0): [(1759.0, 3163.0), (1610.0, 3089.0)]
(1610.0, 3089.0): [(1766.0, 3120.0), (1586.0, 3169.0)]
(1586.0, 3169.0): [(1610.0, 3089.0), (1544.0, 3189.0)]
(1225.0, 2696.0): [(1223.0, 2600.0), (1355.0, 2706.0), (1226.0, 2741.0)]
(1101.0, 2600.0): [(1183.0, 2592.0), (1002.0, 2603.0), (1112.0, 2736.0)]
(1002.0, 2603.0): [(1101.0, 2600.0), (916.0, 2634.0)]
(1351.0, 2785.0): [(1228.0, 2789.0), (1493.0, 2788.0)]
(1493.0, 2788.0): [(1351.0, 2785.0)]
(1334.0, 2915.0): [(1334.0, 2875.0)]
(1334.0, 2832.0): [(1334.0, 2875.0)]
(1355.0, 2740.0): [(1355.0, 2706.0)]
(1352.0, 2658.0): [(1355.0, 2706.0)]
(1226.0, 2741.0): [(1228.0, 2789.0), (1225.0, 2696.0), (1112.0, 2736.0)]
(4844.0, 3669.0): [(4582.0, 3671.0), (4852.0, 3550.0)]
(4856.0, 3482.0): [(4852.0, 3550.0), (4857.0, 3418.0)]
(4857.0, 3418.0): [(4856.0, 3482.0), (4687.0, 3397.0), (5023.0, 3402.0), (4852.0, 3311.0)]
(4852.0, 3311.0): [(4857.0, 3418.0), (4852.0, 3261.0)]
(4856.0, 3198.0): [(4852.0, 3261.0), (4850.0, 3125.0)]
(4855.0, 3051.0): [(4850.0, 3125.0), (4868.0, 2955.0)]
(4842.0, 2897.0): [(4868.0, 2955.0), (4849.0, 2796.0)]
(4085.0, 2988.0): [(3946.0, 2964.0), (4084.0, 3143.0), (4214.0, 2992.0), (4080.0, 2842.0)]
(4429.0, 2947.0): [(4284.0, 2991.0), (4542.0, 3059.0), (4477.0, 2793.0)]
(4542.0, 3109.0): [(4542.0, 3059.0), (4546.0, 3190.0)]
(4544.0, 3372.0): [(4580.0, 3566.0), (4687.0, 3397.0), (4546.0, 3190.0), (4373.0, 3381.0)]
(4098.0, 3371.0): [(4373.0, 3381.0), (4123.0, 3571.0), (4089.0, 3191.0), (3828.0, 3367.0)]
(3666.0, 3367.0): [(3818.0, 3414.0), (3648.0, 3556.0), (3684.0, 3185.0), (3425.0, 3339.0)]
(3425.0, 3339.0): [(3666.0, 3367.0), (3400.0, 3538.0), (3294.0, 3331.0), (3435.0, 3154.0)]
(3098.0, 3341.0): [(3219.0, 3331.0), (3064.0, 3161.0), (2967.0, 3376.0), (3120.0, 3562.0)]
(2772.0, 3430.0): [(2901.0, 3399.0), (2708.0, 3261.0), (2548.0, 3522.0), (2842.0, 3622.0)]
(2548.0, 3522.0): [(2486.0, 3334.0), (2772.0, 3430.0), (2617.0, 3702.0), (2403.0, 3590.0)]
(2638.0, 2942.0): [(2643.0, 2882.0), (2473.0, 2947.0)]
(2351.0, 2796.0): [(2419.0, 2867.0), (2288.0, 2738.0)]
(1955.0, 2971.0): [(1945.0, 3027.0), (2014.0, 2924.0), (1816.0, 2941.0)]
(1992.0, 3191.0): [(1911.0, 3166.0), (2004.0, 3109.0), (2079.0, 3216.0), (1979.0, 3272.0)]
(2197.0, 3252.0): [(2186.0, 3357.0), (2197.0, 3183.0)]
(1979.0, 3497.0): [(2069.0, 3497.0), (1893.0, 3511.0)]
(2117.0, 3672.0): [(2069.0, 3497.0), (2403.0, 3590.0), (2147.0, 3852.0), (1922.0, 3698.0)]
(1893.0, 3511.0): [(1979.0, 3497.0), (1922.0, 3698.0)]
(1922.0, 3698.0): [(1893.0, 3511.0), (1818.0, 3723.0), (2117.0, 3672.0)]
(1701.0, 4011.0): [(1950.0, 4000.0), (1675.0, 3908.0)]
(1636.0, 3783.0): [(1527.0, 3821.0), (1818.0, 3723.0)]
(1572.0, 3599.0): [(1474.0, 3611.0), (1782.0, 3579.0)]
(1586.0, 3409.0): [(1777.0, 3415.0), (1468.0, 3396.0)]
(1653.0, 3222.0): [(1544.0, 3189.0), (1808.0, 3276.0)]
(2218.0, 2494.0): [(2219.0, 2404.0), (2326.0, 2494.0), (2219.0, 2587.0), (2113.0, 2498.0)]
(2290.0, 2317.0): [(2234.0, 2317.0), (2342.0, 2320.0), (2292.0, 2404.0)]
(3015.0, 2564.0): [(3014.0, 2477.0), (2865.0, 2562.0), (3167.0, 2566.0), (3014.0, 2690.0)]
(3674.0, 2757.0): [(3605.0, 2727.0), (3669.0, 2695.0), (3741.0, 2703.0), (3576.0, 2808.0)]
(4813.0, 2456.0): [(4609.0, 2457.0), (5080.0, 2460.0)]
(4896.0, 2118.0): [(4894.0, 2166.0)]
(4476.0, 2222.0): [(4463.0, 2165.0)]
(4471.0, 2327.0): [(4606.0, 2328.0), (4470.0, 2455.0), (4292.0, 2342.0)]
(4171.0, 2403.0): [(4175.0, 2439.0), (4292.0, 2342.0), (4127.0, 2228.0)]
(4473.0, 2626.0): [(4310.0, 2571.0), (4470.0, 2455.0), (4611.0, 2631.0), (4477.0, 2793.0)]
(4526.0, 1990.0): [(4474.0, 1840.0), (4420.0, 1900.0), (4463.0, 2165.0), (4607.0, 2167.0), (4642.0, 2163.0), (4389.0, 2018.0), (4382.0, 2089.0)]
(4382.0, 2089.0): [(4389.0, 2018.0), (4526.0, 1990.0), (4463.0, 2165.0), (4398.0, 2174.0), (4286.0, 2048.0)]
(2569.0, 1792.0): [(2582.0, 1939.0), (2477.0, 1682.0), (2556.0, 1679.0), (2674.0, 1792.0), (2672.0, 1900.0), (2405.0, 1932.0), (2528.0, 1968.0), (2470.0, 1724.0)]
(2891.0, 1791.0): [(2672.0, 1900.0), (2674.0, 1792.0), (2670.0, 1678.0), (2883.0, 1549.0), (3102.0, 1809.0), (2862.0, 2065.0)]
(3242.0, 1825.0): [(3102.0, 1809.0), (3229.0, 2064.0)]
(2273.0, 2039.0): [(2270.0, 1923.0)]
(502.0, 3861.0): [(435.0, 3842.0)]
(392.0, 3683.0): [(486.0, 3697.0), (328.0, 3655.0)]
(642.0, 3591.0): [(526.0, 3570.0)]
(465.0, 3400.0): [(553.0, 3433.0), (394.0, 3406.0)]
(766.0, 3355.0): [(737.0, 3273.0)]
(513.0, 3098.0): [(584.0, 3075.0), (448.0, 3119.0)]
(1085.0, 2091.0): [(1183.0, 2093.0)]
(1032.0, 2340.0): [(1185.0, 2333.0)]
(1112.0, 2736.0): [(1111.0, 2828.0), (1226.0, 2741.0), (1101.0, 2600.0)]
(3508.0, 328.0): [(3478.0, 445.0)]
(3478.0, 445.0): [(3508.0, 328.0), (3396.0, 421.0), (3462.0, 572.0)]
(3396.0, 421.0): [(3478.0, 445.0), (3314.0, 434.0)]
(3314.0, 434.0): [(3396.0, 421.0), (3196.0, 420.0)]
(3196.0, 420.0): [(3314.0, 434.0), (3094.0, 361.0), (3225.0, 609.0)]
(3094.0, 361.0): [(3196.0, 420.0), (2995.0, 383.0)]
(2995.0, 383.0): [(3094.0, 361.0), (2942.0, 466.0)]
(2942.0, 466.0): [(2995.0, 383.0), (2918.0, 539.0)]
(2920.0, 589.0): [(2918.0, 539.0), (2943.0, 677.0)]
(2943.0, 677.0): [(2920.0, 589.0), (2880.0, 697.0), (2956.0, 718.0)]
(2880.0, 697.0): [(2943.0, 677.0), (2817.0, 825.0)]
(2956.0, 718.0): [(2943.0, 677.0), (2993.0, 771.0)]
(2993.0, 771.0): [(2956.0, 718.0), (3051.0, 817.0), (3225.0, 609.0)]
(3051.0, 817.0): [(2993.0, 771.0), (3136.0, 856.0)]
(3136.0, 856.0): [(3051.0, 817.0), (3249.0, 871.0)]
(3249.0, 871.0): [(3136.0, 856.0), (3350.0, 840.0), (3225.0, 609.0)]
(3350.0, 840.0): [(3249.0, 871.0), (3420.0, 810.0)]
(3420.0, 810.0): [(3350.0, 840.0), (3460.0, 838.0), (3478.0, 807.0)]
(3460.0, 838.0): [(3420.0, 810.0), (3478.0, 807.0)]
(3478.0, 807.0): [(3460.0, 838.0), (3491.0, 718.0), (3420.0, 810.0)]
(3491.0, 718.0): [(3478.0, 807.0), (3462.0, 572.0)]
(3462.0, 572.0): [(3491.0, 718.0), (3478.0, 445.0), (3225.0, 609.0)]
(3225.0, 609.0): [(3249.0, 871.0), (3196.0, 420.0), (2918.0, 539.0), (2993.0, 771.0), (3462.0, 572.0)]
(2817.0, 825.0): [(2880.0, 697.0), (2862.0, 915.0), (2675.0, 812.0)]
(2690.0, 694.0): [(2700.0, 737.0)]
(2854.0, 1019.0): [(2862.0, 915.0), (2865.0, 1116.0), (3022.0, 1016.0), (2673.0, 1010.0)]
(2495.0, 1236.0): [(2675.0, 1514.0)]
(2138.0, 2920.0): [(2221.0, 2943.0)]
(1766.0, 2804.0): [(1669.0, 2832.0), (1738.0, 2748.0), (1788.0, 2862.0)]
(1555.0, 2544.0): [(1557.0, 2498.0)]
(1556.0, 2461.0): [(1557.0, 2498.0), (1555.0, 2380.0)]
(1555.0, 2380.0): [(1556.0, 2461.0)]
(1274.0, 2544.0): [(1276.0, 2495.0)]
(1275.0, 2463.0): [(1276.0, 2495.0), (1278.0, 2382.0)]
(1278.0, 2382.0): [(1275.0, 2463.0)]
(1563.0, 2288.0): [(1563.0, 2250.0)]
(1557.0, 2214.0): [(1563.0, 2250.0)]
(1290.0, 2209.0): [(1290.0, 2252.0)]
(1291.0, 2290.0): [(1290.0, 2252.0)]
(669.0, 2358.0): [(807.0, 2389.0), (649.0, 2352.0), (680.0, 2313.0)]
(649.0, 2352.0): [(669.0, 2358.0), (622.0, 2324.0)]
(622.0, 2324.0): [(649.0, 2352.0), (621.0, 2309.0), (520.0, 2356.0)]
(680.0, 2313.0): [(669.0, 2358.0), (700.0, 2294.0)]
(700.0, 2294.0): [(680.0, 2313.0), (764.0, 2309.0)]
(589.0, 2219.0): [(607.0, 2262.0), (560.0, 2141.0), (656.0, 2198.0)]
(813.0, 3243.0): [(827.0, 3234.0), (768.0, 3260.0), (791.0, 3172.0)]
(768.0, 3260.0): [(813.0, 3243.0), (737.0, 3273.0), (742.0, 3194.0)]
(742.0, 3194.0): [(768.0, 3260.0), (791.0, 3172.0)]
(791.0, 3172.0): [(742.0, 3194.0), (813.0, 3243.0), (772.0, 3123.0)]
(772.0, 3123.0): [(791.0, 3172.0), (827.0, 3104.0), (750.0, 3065.0)]
(750.0, 3065.0): [(772.0, 3123.0), (807.0, 3041.0), (743.0, 3030.0)]
(807.0, 3041.0): [(750.0, 3065.0), (799.0, 3015.0)]
(799.0, 3015.0): [(807.0, 3041.0), (860.0, 2983.0), (765.0, 2954.0), (759.0, 3023.0)]
(765.0, 2954.0): [(799.0, 3015.0), (838.0, 2926.0), (805.0, 2860.0)]
(838.0, 2926.0): [(765.0, 2954.0), (817.0, 2861.0)]
(817.0, 2861.0): [(838.0, 2926.0), (870.0, 2846.0), (805.0, 2860.0)]
(805.0, 2860.0): [(817.0, 2861.0), (765.0, 2954.0), (794.0, 2842.0)]
(794.0, 2842.0): [(805.0, 2860.0), (778.0, 2845.0)]
(778.0, 2845.0): [(794.0, 2842.0), (727.0, 2823.0)]
(727.0, 2823.0): [(778.0, 2845.0), (780.0, 2702.0), (699.0, 2879.0)]
(759.0, 3023.0): [(799.0, 3015.0), (743.0, 3030.0), (746.0, 2991.0)]
(743.0, 3030.0): [(759.0, 3023.0), (750.0, 3065.0)]
(746.0, 2991.0): [(759.0, 3023.0), (706.0, 3008.0)]
(706.0, 3008.0): [(746.0, 2991.0), (718.0, 3040.0)]
(718.0, 3040.0): [(706.0, 3008.0), (698.0, 3050.0)]
(698.0, 3050.0): [(718.0, 3040.0), (689.0, 3027.0)]
(689.0, 3027.0): [(698.0, 3050.0), (662.0, 3037.0)]
(662.0, 3037.0): [(689.0, 3027.0), (654.0, 3017.0)]
(654.0, 3017.0): [(662.0, 3037.0), (618.0, 3031.0)]
(618.0, 3031.0): [(654.0, 3017.0), (604.0, 3003.0), (631.0, 3067.0)]
(604.0, 3003.0): [(618.0, 3031.0), (574.0, 3013.0)]
(574.0, 3013.0): [(604.0, 3003.0), (558.0, 2939.0), (584.0, 3075.0)]
(558.0, 2939.0): [(574.0, 3013.0), (527.0, 2942.0), (699.0, 2879.0)]
(631.0, 3067.0): [(584.0, 3075.0), (618.0, 3031.0)]
(1551.0, 1444.0): [(1413.0, 1472.0), (1693.0, 1445.0), (1550.0, 1487.0)]
(1550.0, 1487.0): [(1551.0, 1444.0), (1540.0, 1534.0)]
(1422.0, 1526.0): [(1484.0, 1531.0), (1424.0, 1594.0), (1401.0, 1565.0)]
(1411.0, 1757.0): [(1356.0, 1758.0), (1410.0, 1709.0), (1473.0, 1756.0)]
(1381.0, 1708.0): [(1353.0, 1712.0), (1410.0, 1709.0), (1380.0, 1675.0)]
(1380.0, 1675.0): [(1381.0, 1708.0), (1412.0, 1671.0), (1307.0, 1672.0)]
(1412.0, 1671.0): [(1424.0, 1594.0), (1380.0, 1675.0)]
(1307.0, 1672.0): [(1380.0, 1675.0), (1299.0, 1616.0)]
(1299.0, 1616.0): [(1307.0, 1672.0), (1313.0, 1572.0)]
(1313.0, 1572.0): [(1299.0, 1616.0), (1401.0, 1565.0)]
(1401.0, 1565.0): [(1313.0, 1572.0), (1424.0, 1594.0), (1422.0, 1526.0)]
(1228.0, 1825.0): [(1411.0, 1832.0), (1227.0, 1797.0)]
(1227.0, 1797.0): [(1228.0, 1825.0), (1227.0, 1747.0)]
(1227.0, 1747.0): [(1227.0, 1797.0), (1237.0, 1714.0), (1301.0, 1755.0)]
(1237.0, 1714.0): [(1227.0, 1747.0), (1292.0, 1706.0)]
(2373.0, 1720.0): [(2370.0, 1686.0), (2405.0, 1722.0), (2372.0, 1784.0)]
(2405.0, 1722.0): [(2373.0, 1720.0), (2470.0, 1724.0)]
(2470.0, 1724.0): [(2405.0, 1722.0), (2569.0, 1792.0), (2477.0, 1682.0)]
